2017/01/24,106007,33,09,48,01,17,31,49
2017/01/20,106006,01,16,05,31,41,18,13
2017/01/17,106005,40,28,12,04,34,17,07
2017/01/13,106004,19,25,27,21,38,14,22  
2017/01/10,106003,37,14,04,46,13,39,31
2017/01/06,106002,35,32,12,40,14,43,17
2017/01/03,106001,18,41,47,49,22,42,45
2016/12/30,105111,37,06,07,47,35,38,12
2016/12/27,105110,40,26,29,10,31,25,02
2016/12/23,105109,38,42,23,28,41,08,30
2016/12/20,105108,35,36,46,01,29,44,06
2016/12/16,105107,25,36,42,19,11,34,08
2016/12/13,105106,36,29,49,39,33,19,06
2016/12/09,105105,12,38,42,49,44,28,02
2016/12/06,105104,46,41,30,32,27,44,42
2016/12/02,105103,05,25,34,26,49,40,47
2016/11/29,105102,03,26,28,38,40,21,42
2016/11/25,105101,03,28,42,01,37,22,10
2016/11/22,105100,34,21,25,44,01,24.19
2016/11/18,105099,26,06,18,25,34,24,19
2016/11/15,105098,08,33,41,43,25,07,06	
2016/11/11,105097,08,28,07,32,02,22,20
2016/11/08,105096,22,17,06,49,11,03,44
2016/11/04,105095,49,38,02,03,17,28,21
2016/11/01,105094,11,10,49,20,15,31,44
2016/10/28,105093,10,38,13,01,33,37,40
2016/10/25,105092,34,15,25,27,33,05,43
2016/10/21,105091,33,32,02,08,21,37,15
2016/10/18,105090,44,15,14,47,16,24,21
2016/10/14,105089,23,10,30,44,29,47,07
2016/10/11,105088,37,39,02,08,13,14,38
2016/10/07,105087,10,16,30,42,33,37,43
2016/10/04,105086,23,11,30,35,44,40,07
2016/09/30,105085,48,04,10,31,38,40,05
2016/09/27,105084,35,15,48,14,16,46,02
2016/09/23,105083,01,43,33,29,31,02,40
2016/09/20,105082,22,07,17,44,04,45,32
2016/09/16,105081,34,31,49,30,17,23,36
2016/09/13,105080,03,41,16,40,22,33,39
2016/09/09,105079,41,12,01,44,36,35,21
2016/09/06,105078,07,04,28,20,45,23,35
2016/09/02,105077,09,45,46,11,20,21,42
2016/08/30,105076,01,46,36,27,11,18,26
2016/08/26,105075,34,49,28,09,42,41,06
2016/08/23,105074,44,26,38,25,48,37,31
2016/08/20,105073,19,26,44,46,05,48,36
2016/08/16,105072,29,20,14,15,05,27,35
2016/08/12,105071,08,35,43,33,20,42,10
2016/08/09,105070,15,37,35,17,45,30,41
2016/08/05,105069,27,40,02,35,22,01,33
2016/08/02,105068,15,04,20,22,28,29,01
2016/07/29,105067,28,09,27,15,30,41,13
2016/07/26,105066,35,41,19,22,09,15,37
2016/07/22,105065,17,10,33,02,49,27,15
2016/07/19,105064,07,46,40,33,45,13,39
2016/07/15,105063,29,24,25,35,33,38,49
2016/07/12,105062,42,31,46,43,25,34,05
2016/07/08,105061,13,10,09,19,35,23,38
2016/07/05,105060,09,17,40,06,15,47,24
2016/07/01,105059,41,34,20,43,24,08,32
2016/06/28,105058,25,46,45,08,39,07,38
2016/06/24,105057,17,14,39,41,27,28,18
2016/06/21,105056,36,27,02,49,35,34,26
2016/06/17,105055,17,21,31,10,07,20,49
2016/06/14,105054,33,12,37,35,13,16,18
2016/06/10,105053,23,04,48,22,15,13,03
2016/06/07,105052,05,39,31,08,44,23,19
2016/06/03,105051,10,03,41,33,27,44,07
2016/05/31,105050,01,46,32,05,02,45,43
2016/05/27,105049,02,24,13,39,09,16,41
2016/05/24,105048,08,21,13,33,39,06,45
2016/05/20,105047,40,25,43,10,05,30,26
2016/05/17,105046,02,42,03,20,23,34,40
2016/05/13,105045,10,31,35,38,22,03,37
2016/05/10,105044,36,38,22,03,04,08,07
2016/05/06,105043,26,48,01,42,39,37,41
2016/05/03,105042,40,01,07,17,43,41,33
2016/04/29,105041,08,27,36,31,14,40,03
2016/04/26,105040,12,06,34,43,21,25,28
2016/04/22,105039,48,33,46,19,12,23,29
2016/04/19,105038,12,41,47,46,39,21,14
2016/04/15,105037,28,47,13,45,17,09,03
2016/04/12,105036,19,11,49,45,39,14,23
2016/04/08,105035,36,45,07,30,13,02,43
2016/04/05,105034,14,32,38,43,23,26,03
2016/04/01,105033,39,12,16,29,08,37,40
2016/03/29,105032,47,18,46,01,34,17,25
2016/03/25,105031,37,41,07,11,40,22,20
2016/03/22,105030,33,07,16,20,30,11,06
2016/03/18,105029,04,18,01,03,25,47,13
2016/03/15,105028,14,48,06,30,42,47,18
2016/03/11,105027,09,34,49,36,16,30,31
2016/03/08,105026,03,30,27,39,41,35,32
2016/03/04,105025,29,07,05,12,22,17,04
2016/03/01,105024,34,17,23,14,07,22,12
2016/02/26,105023,03,46,21,09,17,41,27
2016/02/23,105022,20,14,19,43,45,10,22
2016/02/19,105021,23,20,44,30,11,39,49
2016/02/16,105020,23,33,11,34,40,29,06
2016/02/14,105019,21,03,26,16,20,01,22
2016/02/13,105018,06,18,29,35,04,48,20
2016/02/12,105017,32,22,06,10,11,45,04
2016/02/11,105016,03,34,13,48,29,30,28
2016/02/10,105015,19,32,22,47,18,44,09
2016/02/09,105014,31,25,09,24,45,37,12
2016/02/08,105013,27,12,08,32,13,16,24
2016/02/07,105012,21,11,04,37,35,25,43
2016/02/05,105011,41,05,30,04,26,38,28
2016/02/02,105010,48,15,21,26,43,23,34
2016/01/29,105009,16,38,35,45,48,44,27
2016/01/26,105008,17,46,35,11,13,39,02
2016/01/22,105007,46,20,10,17,15,43,37
2016/01/19,105006,14,09,46,04,23,44,41
2016/01/15,105005,27,11,42,06,16,17,35
2016/01/12,105004,18,15,05,44,40,39,37
2016/01/08,105003,13,28,44,03,48,10,01
2016/01/05,105002,07,33,15,25,03,01,21
2016/01/01,105001,16,41,29,19,24,43,32
2015/12/29,104109,08,30,32,42,13,01,11
2015/12/25,104108,12,07,03,16,30,11,13
2015/12/22,104107,29,49,37,12,13,08,43
2015/12/18,104106,25,18,15,06,05,11,31
2015/12/15,104105,22,18,31,23,11,04,19
2015/12/11,104104,42,25,01,43,04,29,11
2015/12/08,104103,15,08,40,43,36,32,03
2015/12/04,104102,16,21,34,47,37,41,29
2015/12/01,104101,41,37,13,06,19,15,22
2015/11/27,104100,04,41,05,23,40,25,11
2015/11/24,104099,48,01,09,29,28,13,45
2015/11/20,104098,40,09,04,10,39,42,08
2015/11/17,104097,02,44,07,47,31,26,36
2015/11/13,104096,33,18,16,11,31,01,19
2015/11/10,104095,07,27,45,11,10,28,21
2015/11/06,104094,30,45,27,49,08,24,42
2015/11/03,104093,28,45,08,16,48,22,13
2015/10/30,104092,15,08,20,03,06,30,40
2015/10/27,104091,07,17,34,08,10,36,43
2015/10/23,104090,01,41,16,43,47,46,25
2015/10/20,104089,32,12,37,17,39,38,27
2015/10/16,104088,31,20,29,44,25,40,21
2015/10/13,104087,24,29,32,44,49,31,39
2015/10/09,104086,35,02,08,27,22,43,24
2015/10/06,104085,08,10,28,03,38,47,13
2015/10/02,104084,44,11,45,36,41,15,35
2015/09/29,104083,01,35,03,25,44,31,15
2015/09/25,104082,13,38,25,21,09,39,02
2015/09/22,104081,47,46,06,10,39,44,30
2015/09/18,104080,16,06,17,41,37,36,28
2015/09/15,104079,44,13,30,34,31,02,39
2015/09/11,104078,41,10,05,29,18,44,30
2015/09/08,104077,08,31,43,28,36,32,09
2015/09/04,104076,20,49,46,19,44,47,09
2015/09/01,104075,20,48,40,18,19,09,03
2015/08/28,104074,15,11,46,40,08,12,16
2015/08/25,104073,45,22,13,26,47,15,49
2015/08/21,104072,20,10,15,21,36,27,45
2015/08/18,104071,29,49,30,08,20,42,21
2015/08/14,104070,13,23,42,05,24,14,35
2015/08/11,104069,45,43,46,02,35,01,14
2015/08/07,104068,25,36,28,27,37,26,38
2015/08/04,104067,48,12,03,19,17,38,43
2015/07/31,104066,30,40,13,16,32,18,29
2015/07/28,104065,49,32,06,27,15,44,16
2015/07/24,104064,25,10,12,42,33,39,29
2015/07/21,104063,16,44,40,09,08,39,28
2015/07/17,104062,33,04,27,07,20,40,38
2015/07/14,104061,45,30,10,12,14,19,41
2015/07/10,104060,06,05,26,13,47,29,33
2015/07/07,104059,46,33,01,27,14,42,41
2015/07/03,104058,21,23,29,41,46,28,24
2015/06/30,104057,18,35,19,48,46,32,47
2015/06/26,104056,06,12,05,41,29,28,07
2015/06/23,104055,45,02,13,35,33,43,05
2015/06/19,104054,18,11,05,25,38,03,15
2015/06/16,104053,35,41,04,25,03,45,07
2015/06/12,104052,28,08,24,22,19,26,18
2015/06/09,104051,37,03,20,27,44,34,12
2015/06/05,104050,41,08,48,32,21,35,34
2015/06/02,104049,07,01,20,19,46,47,13
2015/05/29,104048,02,34,32,11,28,05,24
2015/05/26,104047,10,26,45,11,02,20,30
2015/05/22,104046,23,03,43,28,37,21,05
2015/05/19,104045,46,16,15,42,29,39,14
2015/05/15,104044,27,32,18,06,29,03,40
2015/05/12,104043,01,23,29,31,13,33,17
2015/05/08,104042,44,15,02,28,10,49,39
2015/05/05,104041,44,41,28,42,49,08,30
2015/05/01,104040,15,49,25,29,47,08,09
2015/04/28,104039,03,44,36,26,12,05,23
2015/04/24,104038,13,25,41,46,35,31,49
2015/04/21,104037,01,22,03,33,29,11,30
2015/04/17,104036,47,45,26,36,33,32,39
2015/04/14,104035,38,01,48,49,23,22,11
2015/04/10,104034,44,17,10,11,42,20,13
2015/04/07,104033,17,47,11,45,19,33,04
2015/04/03,104032,36,13,43,32,42,40,41
2015/03/31,104031,02,32,43,13,25,04,15
2015/03/27,104030,12,36,24,13,18,15,39
2015/03/24,104029,09,04,06,17,03,24,28
2015/03/20,104028,04,13,07,29,09,46,08
2015/03/17,104027,36,42,49,05,32,40,01
2015/03/13,104026,06,22,09,14,33,16,11
2015/03/10,104025,11,25,46,47,03,34,42
2015/03/06,104024,44,22,21,06,37,35,29
2015/03/03,104023,43,46,41,06,11,04,21
2015/02/27,104022,02,06,43,38,27,34,45
2015/02/24,104021,46,39,28,03,48,41,09
2015/02/23,104020,21,20,43,38,32,14,23
2015/02/22,104019,06,03,12,37,34,43,28
2015/02/21,104018,27,17,40,02,11,05,20
2015/02/20,104017,10,45,29,05,09,28,41
2015/02/19,104016,25,40,07,49,31,27,11
2015/02/18,104015,15,27,06,16,03,31,14
2015/02/17,104014,11,15,23,46,40,03,13
2015/02/13,104013,25,01,29,09,15,35,38
2015/02/10,104012,29,14,44,26,15,35,09
2015/02/06,104011,11,42,05,29,46,36,48
2015/02/03,104010,30,13,16,18,05,15,08
2015/01/30,104009,35,14,24,39,03,44,28
2015/01/27,104008,45,04,27,15,09,21,06
2015/01/23,104007,20,16,39,42,38,08,29
2015/01/20,104006,47,35,28,45,09,24,48
2015/01/16,104005,02,46,17,32,38,28,49
2015/01/13,104004,46,14,22,37,02,16,49
2015/01/09,104003,18,07,24,21,23,08,11
2015/01/06,104002,16,37,43,11,30,29,13
2015/01/02,104001,31,23,48,29,22,13,06
2014/12/30,103108,48,49,07,44,32,30,45
2014/12/26,103107,49,32,42,45,09,27,30
2014/12/23,103106,32,39,03,31,30,27,35
2014/12/19,103105,09,01,24,41,32,49,40
2014/12/16,103104,35,45,34,32,17,28,08
2014/12/12,103103,24,08,29,32,07,48,37
2014/12/09,103102,41,23,09,07,43,33,24
2014/12/05,103101,47,30,11,34,37,18,17
2014/12/02,103100,11,26,42,13,09,23,47
2014/11/28,103099,35.44,01,40,10,21,36
2014/11/25,103098,15,32,16,01,44,48,40
2014/11/21,103097,03,32,02,34,26,22,40
2014/11/18,103096,12,20,43,11,28,26,06
2014/11/14,103095,44,15,41,29,16,34,49
2014/11/11,103094,18,23,11,36,05,43,14
2014/11/07,103093,49,25,40,27,19,11,33
2014/11/04,103092,20,38,03,35,30,41,47
2014/10/31,103091,14,08,27,49,10,02,20
2014/10/28,103090,16,32,25,05,37,44,21
2014/10/24,103089,36,01,20,45,17,37,15
2014/10/21,103088,31,44,42,28,14,38,45
2014/10/17,103087,32,36,33,02,20,11,39
2014/10/14,103086,47,36,20,09,14,10,08
2014/10/10,103085,11,26,01,24,28,19,33
2014/10/07,103084,45,40,17,47,18,41,29
2014/10/03,103083,10,14,19,37,24,35,39
2014/09/30,103082,49,41,18,47,36,35,15
2014/09/26,103081,15,19,29,22,37,08,39
2014/09/23,103080,38,28,20,32,02,11,16
2014/09/19,103079,06,17,29,02,32,39,04
2014/09/16,103078,41,19,07,18,16,12,45
2014/09/12,103077,27,49,02,36,31,23,15
2014/09/09,103076,42,49,21,41,29,23,14
2014/09/05,103075,16,25,32,10,36,27,45
2014/09/02,103074,39,36,43,07,08,42,22
2014/08/29,103073,39,38,21,23,10,09,35
2014/08/26,103072,23,32,43,19,01,17,09
2014/08/22,103071,43,08,23,30,16,31,18
2014/08/19,103070,12,19,06,07,14,09,17
2014/08/15,103069,47,46,29,23,18,48,05
2014/08/12,103068,12,10,06,04,34,45,44
2014/08/08,103067,32,42,26,45,38,31,37
2014/08/05,103066,40,11,26,33,04,42,34
2014/08/01,103065,45,08,21,32,05,23,18
2014/07/29,103064,47,36,32,31,44,34,46
2014/07/25,103063,45,30,21,32,05,35,26
2014/07/22,103062,28.03,13,09,17,42,14
2014/07/18,103061,19,15,21,02,30,01,40
2014/07/15,103060,07,32,18,23,48,34,13
2014/07/11,103059,07,18,30,01,15,14,33
2014/07/08,103058,33,10,39,22,47,25,38
2014/07/04,103057,48,14,24,17,27,03,28
2014/07/01,103056,09,21,48,08,07,06,18
2014/06/27,103055,35,34,36,27,13,21,24
2014/06/24,103054,14,40,08,01,12,41,15
2014/06/20,103053,14,36,12,16,33,47,48
2014/06/17,103052,03,06,20,48,18,25,12
2014/06/13,103051,28,32,37,42,04,21,16
2014/06/10,103050,03,32,11,35,33,28,30
2014/06/06,103049,41,29,47,49,25,40,48
2014/06/03,103048,31,32,16,44,35,33,46
2014/05/30,103047,21,09,17,35,24,30,15
2014/05/27,103046,26,19,23,10,39,32,16
2014/05/23,103045,30,11,22,46,17,27,15
2014/05/20,103044,34,33,30,13,35,06,38
2014/05/16,103043,45,41,31,42,14,38,29
2014/05/13,103042,32,20,31,44,29,15,23
2014/05/09,103041,13,01,27,21,37,11,03
2014/05/06,103040,10,46,39,35,40,25,31
2014/05/02,103039,01,25,37,23,07,40,12
2014/04/29,103038,02,46,09,44,30,27,22
2014/04/25,103037,46,24,34,04,38,35,30
2014/04/22,103036,18,37,20,11,12,15,42
2014/04/18,103035,08,48,15,40,09,44,24
2014/04/15,103034,26,44,24,08,35,05,41
2014/04/11,103033,01,03,17,09,12,04,15
2014/04/08,103032,28,27,17,01,45,14,11
2014/04/04,103031,08,24,35,37,41,47,23
2014/04/01,103030,46,18,29,30,47,22,06
2014/03/28,103029,09,18,23,36,47,35,41
2014/03/25,103028,19,25,47,42,30,23,16
2014/03/21,103027,47,26,46,08,31,18,20
2014/03/18,103026,26,40,35,39,12,28,16
2014/03/14,103025,47,08,40,41,27,02,28
2014/03/11,103024,40,20,15,16,13,43,14
2014/03/07,103023,38,26,06,37,18,30,16
2014/03/04,103022,43,08,40,35,37,26,06
2014/02/28,103021,17,24,13,18,32,28,37
2014/02/25,103020,13,09,05,03,46,12,04
2014/02/21,103019,11,12,23,40,28,48,09
2014/02/18,103018,47,19,06,26,32,20,35
2014/02/14,103017,24,10,48,33,20,19,01
2014/02/11,103016,15,31,21,06,44,22,41
2014/02/07,103015,22,05,28,11,21,12,25
2014/02/04,103014,19,46,32,12,42,08,28
2014/02/03,103013,02,16,27,30,17,01,48
2014/02/02,103012,14,45,03,24,19,13,05
2014/02/01,103011,36,37,13,19,09,06,27
2014/01/31,103010,38,17,23,49,48,27,19
2014/01/30,103009,09,22,49,48,45,44,08
2014/01/28,103008,02,30,07,26,05,01,24
2014/01/24,103007,04,20,29,41,45,01,36
2014/01/21,103006,22,43,12,44,38,15,09
2014/01/17,103005,20,29,13,15,26,36,37
2014/01/14,103004,11,49,02,45,41.21,26
2014/01/10,103003,07,19,17,30,37,32,03
2014/01/07,103002,01,07,25,36,21,35,39
2014/01/03,103001,11,35,21,18,37,20,08
2013/12/31,102108,27,36,42,40,29,05,35
2013/12/27,102107,16,31,43,39,02,12,18
2013/12/24,102106,21,09,33,36,24,43,03
2013/12/20,102105,25,08,17,09,14,45,27
2013/12/17,102104,28,14,01,09,04,22,20
2013/12/13,102103,16,41,10,48,26,28,42
2013/12/10,102102,06,34,49,11,27,42,21
2013/12/06,102101,08,06,04,10,36,15,13
2013/12/03,102100,44,10,08,38,17,49,40
2013/11/29,102099,02,19,30,31,08,13,20
2013/11/26,102098,15,20,10,11,21,01,26
2013/11/22,102097,09,08,40,47,11,24,33
2013/11/19,102096,33,35,16,46,36,15,21
2013/11/15,102095,43,31,02,18,36,04,08
2013/11/12,102094,22,12,29,23,46,03,33
2013/11/08,102093,30,28,01,39,03,33,34
2013/11/05,102092,27,46,37,12,03,29,17
2013/11/01,102091,31,06,16,36,26,46,09
2013/10/29,102090,21,42,04,39,30,01,44
2013/10/25,102089,35,11,36,08,03,10,39
2013/10/22,102088,08,39,32,23,07,16,22
2013/10/18,102087,09,17,39,43,11,40,46
2013/10/15,102086,20,13,22,16,28,08,49
2013/10/11,102085,32,37,02,46,49,10,28
2013/10/08,102084,04,06,26,31,07,11,38
2013/10/04,102083,12,25,28,18,07,48,46
2013/10/01,102082,46,01,17,23,14,04,41
2013/09/27,102081,01,18,38,46,12,19,02
2013/09/24,102080,15,23,07,35,09,34,41
2013/09/20,102079,47,12,06,39,28,19,36
2013/09/17,102078,46,40,08,01,17,19,15
2013/09/13,102077,16,28,26,27,45,12,06
2013/09/10,102076,42,14,34,01,10,47,09
2013/09/06,102075,14,07,48,33,06,36,18
2013/09/03,102074,39,29,48,22,13,11,45
2013/08/30,102073,21,36,02,46,27,24,05
2013/08/27,102072,11,08,15,05,36,14,46
2013/08/23,102071,12,11,05,14,31,35,26
2013/08/20,102070,49,31,16,28,07,05,34
2013/08/16,102069,24,40,29,17,27,04,09
2013/08/13,102068,14,48,37,34,16,12,07
2013/08/09,102067,12,13,04,03,24,30,09
2013/08/06,102066,27,17,48,32,04,01,06
2013/08/02,102065,43,07,44,45,46,27,35
2013/07/30,102064,43,06,22,15,45,16,48
2013/07/26,102063,34,17,08,39,21,45,44
2013/07/23,102062,17,35,24,27,49,04,39
2013/07/19,102061,05,03,15,09,49,30,48
2013/07/16,102060,13,31,16,29,10,37,32
2013/07/12,102059,48,47,29,34,24,15,31
2013/07/09,102058,43,41,29,28,19,24,37
2013/07/05,102057,45,40,28,39,11,14,42
2013/07/02,102056,05,44,01,21,18,40,22
2013/06/28,102055,26,31,49,22,44,42,29
2013/06/25,102054,34,18,26,28,38,07,05
2013/06/21,102053,41,35,39,29,10,44,07
2013/06/18,102052.41,36,11,04,43,25,27
2013/06/14,102051,35,47,22,04,16,32,43
2013/06/11,102050,46,34,49,20,16,42,04
2013/06/07,102049,39,14,29,33,03,48,22
2013/06/04,102048,14,46,43,19,34,47,42
2013/05/31,102047,44,03,33,39,06,10,37
2013/05/28,102046,17,43,16,30,07.10,23
2013/05/24,102045,28,10,41,27,31,37,34
2013/05/21,102044,39,35,42,49,29,24,48
2013/05/17,102043,24,22,16,23,10,05,31
2013/05/14,102042,01,30,27,39,07,06,21
2013/05/10,102041,43,39,25,02,32,17,34
2013/05/07,102040,35,14,11,25,33,09,02
2013/05/03,102039,45,32,04,22,01,08,02
2013/04/30,102038,32,46,37,30,47,10,16
2013/04/26,102037,17,40,19,30,15,47,25
2013/04/23,102036,45.36,29,12,15,31,40
2013/04/19,102035,48,37,42,36,40,03,17
2013/04/16,102034,18,45,06,48,40,43,24
2013/04/12,102033,32,22,01,29,03,18,21
2013/04/09,102032,45,35,48,07,47,16,39
2013/04/05,102031,21,17,04,35,07,13,33
2013/04/02,102030,11,20,35,26,23,15,31
2013/03/29,102029,03,46,02,08,24,15,36
2013/03/26,102028,39,28,01,42,20,09,47
2013/03/22,102027,30,23,24,05,13,07,01
2013/03/19,102026,40,25,01,12,37,39,18
2013/03/15,102025,23,05,37,13,43,44,26
2013/03/12,102024,20,47,49,46,35,16,31
2013/03/08,102023,16,12,29,45,44,13,30
2013/03/05,102022,36,05,38,24,35,30,11
2013/03/01,102021,36,34,01,26,37,35,07
2013/02/26,102020,30,36,39,21,08,15,17
2013/02/22,102019,28,09,07,35,17,25,36
2013/02/19,102018,40,28,24,07,23,32,08
2013/02/15,102017,08,30,34,17,02,40,26
2013/02/12,102016,27,38,13,03,19,24,40
2013/02/11,102015,16,46,40,45,48,06,31
2013/02/10,102014,12,10,21,35,09,31,19
2013/02/09,102013,22,11,05,17,30,34,10
2013/02/08,102012,22,26,47,38,04,11,13
2013/02/05,102011,25,19,38,08,15,30,06
2013/02/01,102010,46,39,28,01,26,37,03
2013/01/29,102009,03,31,43,07,34,32,41
2013/01/25,102008,18,02,48,11,49,04,38
2013/01/22,102007,31,14,47,02,23,25,48
2013/01/18,102006,33,46,30,27,22,37,24
2013/01/15,102005,32,08,34,02,44,46,14
2013/01/11,102004,48,44,33,10,01,24,37
2013/01/08,102003,19,14,33,06,05,27,31
2013/01/04,102002,35,07,24,01,31,47,21
2013/01/01,102001,04,03,32,33,22,49,21
2012/12/28,101104,28,37,18,14,42,05,19
2012/12/25,101103,41,18,25,32,47,12,07
2012/12/21,101102,13,25,31,48,22,17,26
2012/12/18,101101,07,15,10,44,19,05,49
2012/12/14,101100,08,49,28,11,17,21,37
2012/12/11,101099,44,05,12,38,22,14,25
2012/12/07,101098,23,08,28,11,19,13,49
2012/12/04,101097,43,29,23,02,41,30,16
2012/11/30,101096,37,31,18,26,43,05,08
2012/11/27,101095,31,13,09,18,19,05,32
2012/11/23,101094,04,03,46,18,14,02,25
2012/11/20,101093,23,24,27,06,34,20,16
2012/11/16,101092,42,33,32,18,17,41,12
2012/11/13,101091,02,11,22,31,25,14,26
2012/11/09,101090,37,31,45,38,09,25,21
2012/11/06,101089,08,47,13,42,48,41,29
2012/11/02,101088,24,38,36,04,37,18,31
2012/10/30,101087,20,25,14,36,46,10,02
2012/10/26,101086,20,41,32,17,28,01,13
2012/10/23,101085,46,25,20,02,19,07,43
2012/10/19,101084,39,45,25,13,49,27,11
2012/10/16,101083,35,03,28,45,02,44,36
2012/10/12,101082,11,48,43,05,30,12,15
2012/10/09,101081,30,08,41,18,31,15,45
2012/10/05,101080,18,09,44,17,33,47,08
2012/10/02,101079,07,01,28,03,09,40,45
2012/09/28,101078,42,22,06,47,41,04,18
2012/09/25,101077,35,19,49,18,45,34,16
2012/09/21,101076,29,37,42,36,22,30,09
2012/09/18,101075,48,39,12,13,18,44,35
2012/09/14,101074,32,33,20,37,38,31,39
2012/09/11,101073,21,03,31,30,48,04,15
2012/09/07,101072,19,44,07,17,24,30,31
2012/09/04,101071,32,48,36,40,10,21,09
2012/08/31,101070,28,36,45,34,31,18,42
2012/08/28,101069,06,30,38,03,41,01,46
2012/08/24,101068,35,43,07,42,34,47,29
2012/08/21,101067,29,40,46,44,47,06,33
2012/08/17,101066,43,38,39,48,47,07,29
2012/08/14,101065,19,27,02,38,31,49,32
2012/08/10,101064,01,24,26,14,03,45,38
2012/08/07,101063,12,29,28,43,47,23,26
2012/08/03,101062,14,44,27,13,18,29,21
2012/07/31,101061,24,33,44,28,01,43,31
2012/07/27,101060,22,05,27,07,34,09,45
2012/07/24,101059,24,11,39,05,21,37,13
2012/07/20,101058,41,11,44,34,22,14,27
2012/07/17,101057,25,30,37,19,17,22,31
2012/07/13,101056,46,15,28,08,35,41,11
2012/07/10,101055,16,41,03,26,31,28,45
2012/07/06,101054,18,31,04,11,27,19,24
2012/07/03,101053,49,41,34,11,18,21,47
2012/06/29,101052,09,30,36,11,39,45,26
2012/06/26,101051,01,07,16,41,06,12,49
2012/06/22,101050,28,36,24,06,44,38,08
2012/06/19,101049,26,05,19,01,46,17,47
2012/06/15,101048,47,23,15,09,38,49,36
2012/06/12,101047,29,21,40,35,03,33,45
2012/06/08,101046,49,46,45,24,09,01,12
2012/06/05,101045,11,49,16,40,13,35,39
2012/06/01,101044,04,44,39,34,18,31,49
2012/05/29,101043,49,46,38,05,22,43,13
2012/05/25,101042,01,22,33,40,26,17,11
2012/05/22,101041,13,01,28,18,08,49,06
2012/05/18,101040,13,31,23,46,25,39,41
2012/05/15,101039,44,35,30,49,47,01,46
2012/05/11,101038,37,30,33,22,10,29,27
2012/05/08,101037,06,29,23,30,25,24,47
2012/05/04,101036,17,31,23,39,04,11,14
2012/05/01,101035,07,43,21,22,05,31,04
2012/04/27,101034,35,40,45,22,13,24,37
2012/04/24,101033,39,47,09,21,19,14,11
2012/04/20,101032,48,25,44,03,02,45,31
2012/04/17,101031,23,26,43,31,19,25,10
2012/04/13,101030,20,09,35,04,01,25,43
2012/04/10,101029,33,06,31,42,27,19,13
2012/04/06,101028,36,04,37,05,40,14,25
2012/04/03,101027,44,23,47,08,39,22,36
2012/03/30,101026,21,38,28,01,20,36,30
2012/03/27,101025,27,29,28,16,23,18,19
2012/03/23,101024,36,31,43,37,44,22,11
2012/03/20,101023,13,07,05,26,46,04,24
2012/03/16,101022,27,26,43,28,30,31,08
2012/03/13,101021,06,47,24,48,49,46,40
2012/03/09,101020,45,21,48,41,44,10,32
2012/03/06,101019,25,20,02,05,17,48,14
2012/03/02,101018,15,06,45,31,02,21,24
2012/02/28,101017,30,47,36,43,02,32,49
2012/02/24,101016,17,43,02,15,06,13,04
2012/02/21,101015,42,32,39,46,21,02,19
2012/02/17,101014,15,30,26,38,44,14,19
2012/02/14,101013,21,45,02,11,33,19,40
2012/02/10,101012,43,16,41,29,19,05,37
2012/02/07,101011,33,41,27,07,22,39,13
2012/02/03,101010,08,34,32,05,20,35,17
2012/01/31,101009,11,19,15,33,14,01,42
2012/01/27,101008,40,20,34,21,22,03,44
2012/01/24,101007,29,21,44,08,38,45,20
2012/01/20,101006,22,44,30,39,10,12,09
2012/01/17,101005,22,04,42,46,10,35,32
2012/01/13,101004,48,36,46,22,42,43,21
2012/01/10,101003,03,21,47,27,23,45,40
2012/01/06,101002,14,41,23,10,35,46,19
2012/01/03,101001,34,09,26,19,38,40,37
2011/12/30,100104,15,28,37,13,12,30,03
2011/12/27,100103,01,08,30,23,32,24,14
2011/12/23,100102,40,17,27,31,06,48,28
2011/12/20,100101,26,07,34,09,05,27,08
2011/12/16,100100,41,31,10,36,44,35,34
2011/12/13,100099,48,23,36,02,30,44,24
2011/12/09,100098,37,38,40,45,39,10,18
2011/12/06,100097,38,14,18,03,13,22,06
2011/12/02,100096,23,39,45,31,37,27,06
2011/11/29,100095,07,01,35,36,11,14,10
2011/11/25,100094,10,43,30,08,36,27,48
2011/11/22,100093,40,37,46,41,21,16,27
2011/11/18,100092,12,11,16,10,45,15,19
2011/11/15,100091,46,21,42,35,12,19,40
2011/11/11,100090,36,29,20,19,04,32,30
2011/11/08,100089,02,40,39,11,35,22,36
2011/11/04,100088,21,14,08,07,02,38,11
2011/11/01,100087,21,04,07,29,13,14,22
2011/10/28,100086,24,05,33,36,27,15,01
2011/10/25,100085,02,05,33,28,44,24,04
2011/10/21,100084,20,35,33,43,41,34,04
2011/10/18,100083,46,19,44,32,08,04,21
2011/10/14,100082,07,26,23,39,08,21,28
2011/10/11,100081,06,34,18,43,02,33,28
2011/10/07,100080,01,30,16,06,13,33,03
2011/10/04,100079,08,49,29,26,15,02,03
2011/09/30,100078,10,44,11,34,48,24,31
2011/09/27,100077,09,42,23,03,26,31,41
2011/09/23,100076,27,23,16,14,44,28,40
2011/09/20,100075,28,25,27,34,02,37,42
2011/09/16,100074,48,28,23,36,30,15,45
2011/09/13,100073,11,48,02,41,08,38,18
2011/09/09,100072,12,08,15,36,01,47,10
2011/09/06,100071,41,29,38,23,09,02,08
2011/09/02,100070,30,05,35,22,24,02,42
2011/08/30,100069,48,26,36,37,10,12,34
2011/08/26,100068,10,31,45,33,32,43,30
2011/08/23,100067,42,29,23,32,05,36,14
2011/08/19,100066,32,41,18,30,13,48,45
2011/08/16,100065,43,42,26,38,30,37,32
2011/08/12,100064,12,22,45,02,40,14,04
2011/08/09,100063,49,25,27,33,38,40,12
2011/08/05,100062,03,28,25,49,24,20,30
2011/08/02,100061,27,17,45,24,42,28,31
2011/07/29,100060,19,38,46,28,06,37,42
2011/07/26,100059,02,08,29,36,35,13,14
2011/07/22,100058,08,22,06,04,05,38,42
2011/07/19,100057,17,37,20,47,49,02,36
2011/07/15,100056,43,49,23,30,27,17,31
2011/07/12,100055,24,41,08,31,35,37,19
2011/07/08,100054,43,37,47,16,18,35,07
2011/07/05,100053,15,02,28,01,32,18,26
2011/07/01,100052,09,49,23,44,31,25,02
2011/06/28,100051,33,27,13,11,15,23,04
2011/06/24,100050,38,11,27,21,19,39,24
2011/06/21,100049,46,10,01,13,40,42,41
2011/06/17,100048,01,02,31,19,47,48,36
2011/06/14,100047,33,21,31,17,48,05,25
2011/06/10,100046,29,06,37,10,41,19,09
2011/06/07,100045,39,03,31,22,27,08,14
2011/06/03,100044,12,08,15,13,46,35,30
2011/05/31,100043,43,32,38,05,09,15,12
2011/05/27,100042,48,10,43,05,32,24,04
2011/05/24,100041,24,16,25,19,01,26,21
2011/05/20,100040,42,33,34,02,47,44,10
2011/05/17,100039,01,03,48,11,26,15,28
2011/05/13,100038,19,29,42,36,16,21,10
2011/05/10,100037,25,38,05,12,42,35,28
2011/05/06,100036,22,24,36,44,23,06,03
2011/05/03,100035,18,15,24,28,10,43,35
2011/04/29,100034,17,07,22,23,01,16,19
2011/04/26,100033,37,41,39,40,45,20,08
2011/04/22,100032,46,26,22,04,36,21,41
2011/04/19,100031,47,22,46,35,41,37,24
2011/04/15,100030,47,37,42,28,38,15,33
2011/04/12,100029,24,06,29,33,04,14,45
2011/04/08,100028,09,38,10,23,37,29,44
2011/04/05,100027,20,29,24,28,08,10,32
2011/04/01,100026,32,35,30,20,14,43,33
2011/03/29,100025,10,18,12,22,04,40,24
2011/03/25,100024,43,48,18,39,01,35,02
2011/03/22,100023,20,24,47,36,06,08,27
2011/03/18,100022,03,15,37,30,23,36,28
2011/03/15,100021,41,19,28,30,29,04,10
2011/03/11,100020,11,42,13,21,22,05,25
2011/03/08,100019,47,25,24,06,01,32,38
2011/03/04,100018,23,27,22,16,12,18,41
2011/03/01,100017,03,14,27,08,48,31,23
2011/02/25,100016,02,28,44,36,20,03,21
2011/02/22,100015,32,35,20,15,13,39,11
2011/02/18,100014,20,23,38,37,14,26,33
2011/02/15,100013,09,15,24,35,33,12,18
2011/02/11,100012,36,03,45,34,07,04,24
2011/02/08,100011,31,39,05,06,23,41,16
2011/02/04,100010,10,49,47,42,41,33,03
2011/02/01,100009,06,17,25,42,40,01,15
2011/01/28,100008,18,03,42,24,13,04,47
2011/01/25,100007,12,39,21,31,13,17,20
2011/01/21,100006,39,32,43,36,37,02,03
2011/01/18,100005,15,40,42,38,47,46,17
2011/01/14,100004,20,32,39,16,17,45,46
2011/01/11,100003,07,12,20,11,14,10,41
2011/01/07,100002,34,35,13,47,11,49,20
2011/01/04,100001,19,14,37,23,47,35,42
2010/12/31,099105,09,04,39,38,27,36,02
2010/12/28,099104,36,13,17,02,27,31,18
2010/12/24,099103,48,27,16,49,43,39,01
2010/12/21,099102,23,38,12,35,45,01,26
2010/12/17,099101,41,09,30,35,28,25,12
2010/12/14,099100,15,41,16,20,32,17,08
2010/12/10,099099,17,22,26,33,29,01,03
2010/12/07,099098,30,37,38,49,21,22,34
2010/12/03,099097,38,23,17,48,33,43,19
2010/11/30,099096,07,24,08,36,34,38,16
2010/11/26,099095,22,23,44,35,18,49,26
2010/11/23,099094,02,26,03,32,48,30,41
2010/11/19,099093,43,03,40,45,44,06,41
2010/11/16,099092,02,10,07,12,43,15,22
2010/11/12,099091,39,10,37,03,23,36,15
2010/11/09,099090,21,31,30,05,36,07,49
2010/11/05,099089,47,28,16,05,08,13,46
2010/11/02,099088,05,34,36,39,04,21,28
2010/10/29,099087,27,19,13,04,28,26,33
2010/10/26,099086,03,43,22,35,14,44,26
2010/10/22,099085,01,18,49,13,04,08,03
2010/10/19,099084,36,12,21,35,27,37,08
2010/10/15,099083,46,28,30,01,20,11,10
2010/10/12,099082,31,08,09,20,10,40,25
2010/10/08,099081,39,48,14,41,11,03,06
2010/10/05,099080,14,16,32,21,43,35,49
2010/10/01,099079,23,37,12,38,48,08,20
2010/09/28,099078,03,04,32,19,22,40,11
2010/09/24,099077,36,08,02,29,42,44,22
2010/09/21,099076,01,22,45,39,35,38,08
2010/09/17,099075,24,35,12,39,13,34,14
2010/09/14,099074,19,44,26,02,01,22,03
2010/09/10,099073,41,10,18,42,14,49,24
2010/09/07,099072,04,08,43,16,03,41,22
2010/09/03,099071,05,07,38,47,18,20,37
2010/08/31,099070,04,20,07,31,43,23,47
2010/08/27,099069,27,14,47,30,42,08,29
2010/08/24,099068,06,45,47,30,08,48,29
2010/08/20,099067,08,28,21,44,38,33,27
2010/08/17,099066,06,18,19,14,20,42,09
2010/08/13,099065,36,02,22,30,48,13,09
2010/08/10,099064,24,25,40,28,03,38,11
2010/08/06,099063,19,47,22,28,10,21,39
2010/08/03,099062,03,25,49,15,13,29,09
2010/07/30,099061,14,11,08,36,12,23,45
2010/07/27,099060,38,33,44,49,15,03,30
2010/07/23,099059,43,49,42,15,08,22,07
2010/07/20,099058,23,29,05,43,27,22,47
2010/07/16,099057,17,16,32,20,18,45,09
2010/07/13,099056,02,31,34,05,08,15,12
2010/07/09,099055,24,35,32,11,25,33,23
2010/07/06,099054,05,21,48,43,25,11,31
2010/07/02,099053,23,32,45,07,20,10,17
2010/06/29,099052,01,04,11,48,20,18,05
2010/06/25,099051,47,11,27,24,46,39,20
2010/06/22,099050,15,09,36,26,42,28,40
2010/06/18,099049,48,26,02,05,15,20,08
2010/06/15,099048,27,02,04,20,17,44,24
2010/06/11,099047,42,43,20,21,27,01,26
2010/06/08,099046,46,40,42,24,08,25,10
2010/06/04,099045,39,27,28,15,11,37,04
2010/06/01,099044,02,40,05,15,35,28,01
2010/05/28,099043,20,43,19,03,26,18,10
2010/05/25,099042,01,30,43,32,20,34,03
2010/05/21,099041,44,12,27,16,47,04,39
2010/05/18,099040,33,03,06,27,14,28,05
2010/05/14,099039,16,28,47,06,21,03,18
2010/05/11,099038,42,45,11,13,33,29,02
2010/05/07,099037,38,23,49,28,19,32,20
2010/05/04,099036,15,35,04,32,34,23,18
2010/04/30,099035,44,35,37,39,08,36,20
2010/04/27,099034,34,35,12,48,14,16,43
2010/04/23,099033,47,45,04,30,03,49,27
2010/04/20,099032,07,41,23,32,02,21,42
2010/04/16,099031,34,31,01,24,40,30,43
2010/04/13,099030,14,49,46,34,42,12,25
2010/04/09,099029,49,36,40,04,05,29,26
2010/04/06,099028,09,23,31,28,27,41,44
2010/04/02,099027,48,06,21,41,01,16,12
2010/03/30,099026,16,46,47,49,37,41,14
2010/03/26,099025,36,17,19,09,23,35,34
2010/03/23,099024,37,22,35,48,11,28,49
2010/03/19,099023,08,22,49,18,05,29,47
2010/03/16,099022,26,36,39,46,37,41,04
2010/03/12,099021,38,31,35,18,23,19,22
2010/03/09,099020,12,36,16,07,14,05,04
2010/03/05,099019,22,35,38,21,03,15,04
2010/03/02,099018,34,38,02,33,03,09,45
2010/02/26,099017,22,06,47,32,05,34,01
2010/02/23,099016,45,19,05,40,48,23,06
2010/02/19,099015,27,43,14,30,12,37,36
2010/02/16,099014,49,29,26,43,36,05,12
2010/02/12,099013,32,01,23,40,14,31,35
2010/02/09,099012,32,09,13,35,45,34,38
2010/02/05,099011,36,01,19,05,33,14,16
2010/02/02,099010,27,15,21,09,41,18,46
2010/01/29,099009,34,18,16,49,29,44,08
2010/01/26,099008,26,39,40,33,28,25,10
2010/01/22,099007,03,23,24,31,32,46,47
2010/01/19,099006,32,35,25,45,24,13,05
2010/01/15,099005,47,04,49,07,26,41,03
2010/01/12,099004,36,01,48,23,46,34,18
2010/01/08,099003,01,43,21,45,19,08,30
2010/01/05,099002,32,38,11,24,18,40,47
2010/01/01,099001,22,20,23,02,16,27,46
2009/12/29,098104,48,21,25,12,42,29,06
2009/12/25,098103,09,22,42,12,47,30,27
2009/12/22,098102,10,11,24,27,14,47,32
2009/12/18,098101,16,32,45,43,03,42,06
2009/12/15,098100,43,48,38,44,35,04,37
2009/12/11,098099,36,12,48,20,29,15,31
2009/12/08,098098,19,04,32,16,39,27,21
2009/12/04,098097,13,02,03,22,19,39,21
2009/12/01,098096,27,11,23,29,49,38,40
2009/11/27,098095,05,19,15,26,06,01,14
2009/11/24,098094,13,40,23,27,02,07,04
2009/11/20,098093,31,13,26,15,05,20,35
2009/11/17,098092,10,34,01,08,49,04,46
2009/11/13,098091,47,33,13,32,38,25,26
2009/11/10,098090,02,25,42,07,22,26,44
2009/11/06,098089,46,45,10,01,02,44,22
2009/11/03,098088,13,34,05,26,29,20,30
2009/10/30,098087,37,08,04,20,39,12,30
2009/10/27,098086,02,46,28,42,12,32,23
2009/10/23,098085,06,34,19,18,21,05,10
2009/10/20,098084,11,14,46,01,12,41,45
2009/10/16,098083,43,15,30,13,20,29,01
2009/10/13,098082,49,40,44,28,05,13,43
2009/10/09,098081,14,10,33,17,41,40,12
2009/10/06,098080,33,26,14,22,09,15,16
2009/10/02,098079,09,25,15,30,35,28,22
2009/09/29,098078,27,32,17,47,37,45,25
2009/09/25,098077,09,37,13,01,33,16,04
2009/09/22,098076,21,08,12,03,42,04,48
2009/09/18,098075,38,02,08,09,04,26,23
2009/09/15,098074,36,02,04,43,48,26,30
2009/09/11,098073,33,48,16,18,31,10,07
2009/09/08,098072,12,15,19,08,11,20,34
2009/09/04,098071,40,05,49,31,28,36,20
2009/09/01,098070,26,08,19,36,12,07,09
2009/08/28,098069,39,23,45,44,12,48,47
2009/08/25,098068,38,09,01,07,21,15,31
2009/08/21,098067,42,32,37,11,13,43,20
2009/08/18,098066,18,47,31,11,46,12,27
2009/08/14,098065,39,08,04,26,15,49,34
2009/08/11,098064,24,46,27,03,30,28,42
2009/08/07,098063,26,02,31,15,01,49,43
2009/08/04,098062,23,21,27,48,44,02,30
2009/07/31,098061,07,04,10,09,24,42,41
2009/07/28,098060,02,49,13,15,25,10,04
2009/07/24,098059,40,01,07,22,47,03,15
2009/07/21,098058,39,28,48,17,27,05,44
2009/07/17,098057,11,13,38,16,09,42,06
2009/07/14,098056,41,37,44,04,15,05,08
2009/07/10,098055,08,46,03,21,30,26,11
2009/07/07,098054,47,31,25,39,37,02,35
2009/07/03,098053,40,41,19,47,17,32,37
2009/06/30,098052,34,26,07,04,09,21,28
2009/06/26,098051,38,06,12,43,45,33,49
2009/06/23,098050,49,43,22,21,06,29,48
2009/06/19,098049,40,23,02,12,42,19,09
2009/06/16,098048,08,05,25,30,10,03,15
2009/06/12,098047,44,43,12,41,32,13,21
2009/06/09,098046,26,44,49,36,35,27,42
2009/06/05,098045,06,27,44,42,49,23,15
2009/06/02,098044,46,11,34,12,20,28,41
2009/05/29,098043,45,36,21,29,34,30,49
2009/05/26,098042,39,08,48,41,03,33,32
2009/05/22,098041,18,01,32,02,40,16,15
2009/05/19,098040,38,46,32,11,31,48,42
2009/05/15,098039,07,18,05,15,45,14,11
2009/05/12,098038,44,20,39,03,01,26,30
2009/05/08,098037,03,22,19,24,31,15,05
2009/05/05,098036,45,37,12,15,42,47,29
2009/05/01,098035,05,38,21,43,03,26,32
2009/04/28,098034,18,05,39,30,43,29,26
2009/04/24,098033,24,20,49,42,13,21,43
2009/04/21,098032,16,36,11,27,39,23,35
2009/04/17,098031,24,38,21,18,22,16,34
2009/04/14,098030,45,23,08,48,02,20,43
2009/04/10,098029,25,36,40,44,08,09,17
2009/04/07,098028,43,46,24,12,31,03,42
2009/04/03,098027,36,33,44,06,42,45,48
2009/03/31,098026,25,16,47,31,23,13,36
2009/03/27,098025,01,28,18,34,40,02,25
2009/03/24,098024,18,29,21,25,07,02,32
2009/03/20,098023,31,18,07,11,02,09,05
2009/03/17,098022,35,05,23,18,29,01,27
2009/03/13,098021,47,24,46,45,32,09,33
2009/03/10,098020,13,38,28,36,09,26,46
2009/03/06,098019,13,26,31,32,21,06,30
2009/03/03,098018,45,26,07,28,34,14,09
2009/02/27,098017,34,17,26,19,36,13,02
2009/02/24,098016,04,25,38,23,11,46,17
2009/02/20,098015,01,40,13,49,34,24,37
2009/02/17,098014,43,22,36,21,16,05,28
2009/02/13,098013,03,24,02,42,45,07,10
2009/02/10,098012,18,48,12,46,09,30,42
2009/02/06,098011,10,32,07,21,27,04,37
2009/02/03,098010,14,43,03,42,23,10,34
2009/01/30,098009,10,05,41,39,02,23,48
2009/01/27,098008,32,13,27,35,38,14,48
2009/01/23,098007,10,28,11,40,38,21,29
2009/01/20,098006,40,23,22,07,21,43,34
2009/01/16,098005,08,40,24,26,33,25,13
2009/01/13,098004,18,48,47,04,11,33,30
2009/01/09,098003,37,30,45,27,04,15,19
2009/01/06,098002,21,20,15,29,33,04,16
2009/01/02,098001,26,38,06,02,35,23,11
2008/12/30,097105,25,09,39,26,36,03,35
2008/12/26,097104,40,18,37,08,33,15,32
2008/12/23,097103,23,45,02,25,07,39,22
2008/12/19,097102,10,30,15,38,45,03,41
2008/12/16,097101,35,40,25,26,39,14,37
2008/12/12,097100,34,28,42,39,02,36,24
2008/12/09,097099,26,16,41,06,01,05,48
2008/12/05,097098,02,08,44,40,03,31,45
2008/12/02,097097,21,07,37,30,49,29,36
2008/11/28,097096,05,01,17,07,16,41,20
2008/11/25,097095,15,39,46,49,04,26,11
2008/11/21,097094,37,17,16,30,28,21,09
2008/11/18,097093,34,39,17,29,14,20,07
2008/11/14,097092,36,07,23,43,35,15,08
2008/11/11,097091,45,39,11,33,13,34,15
2008/11/07,097090,33,25,40,15,30,46,18
2008/11/04,097089,40,32,19,11,20,13,09
2008/10/31,097088,09,01,47,11,19,03,40
2008/10/28,097087,12,14,02,36,41,07,35
2008/10/24,097086,49,14,06,09,05,08,03
2008/10/21,097085,04,30,07,08,02,18,33
2008/10/17,097084,05,36,28,11,15,19,46
2008/10/14,097083,28,46,30,08,44,43,12
2008/10/10,097082,13,24,14,41,20,47,06
2008/10/07,097081,33,01,34,20,29,28,40
2008/10/03,097080,18,41,48,19,37,45,09
2008/09/30,097079,22,09,13,01,07,27,34
2008/09/26,097078,42,30,15,41,29,36,39
2008/09/23,097077,20,22,29,35,02,09,38
2008/09/19,097076,23,02,13,48,28,35,18
2008/09/16,097075,02,31,44,32,46,25,07
2008/09/12,097074,34,37,16,09,18,01,12
2008/09/09,097073,46,23,28,10,35,27,02
2008/09/05,097072,02,32,33,22,14,03,24
2008/09/02,097071,03,34,25,21,10,02,47
2008/08/29,097070,28,24,02,25,26,46,49
2008/08/26,097069,23,18,24,02,04,06,32
2008/08/22,097068,04,37,08,26,31,05,10
2008/08/19,097067,39,43,16,02,25,35,26
2008/08/15,097066,23,08,24,43,14,44,04
2008/08/12,097065,43,16,24,33,22,49,45
2008/08/08,097064,35,16,08,33,49,20,24
2008/08/05,097063,29,10,41,44,05,45,06
2008/08/01,097062,37,38,07,22,18,11,30
2008/07/29,097061,41,39,43,45,16,42,14
2008/07/25,097060,19,25,29,07,43,35,01
2008/07/22,097059,01,29,30,33,25,17,47
2008/07/18,097058,38,09,04,15,06,20,27
2008/07/15,097057,06,16,21,45,37,36,40
2008/07/11,097056,34,07,21,23,22,36,11
2008/07/08,097055,32,33,14,36,23,42,03
2008/07/04,097054,21,10,43,49,06,17,33
2008/07/01,097053,48,15,43,35,24,20,09
2008/06/27,097052,41,38,02,09,10,01,31
2008/06/24,097051,08,20,02,43,33,07,04
2008/06/20,097050,24,28,03,39,20,21,23
2008/06/17,097049,41,32,15,40,07,01,09
2008/06/13,097048,08,39,31,20,07,21,06
2008/06/10,097047,22,19,39,14,20,34,37
2008/06/06,097046,22,31,20,42,01,40,38
2008/06/03,097045,31,01,27,20,29,24,04
2008/05/30,097044,42,12,08,20,32,11,30
2008/05/27,097043,04,15,49,24,41,07,30
2008/05/23,097042,11,37,44,29,02,10,13
2008/05/20,097041,45,17,08,47,14,42,39
2008/05/16,097040,22,07,26,03,21,40,41
2008/05/13,097039,41,31,37,38,11,47,18
2008/05/09,097038,15,43,36,23,48,17,21
2008/05/06,097037,09,23,46,10,15,48,38
2008/05/02,097036,14,45,13,33,11,39,41
2008/04/29,097035,42,11,02,35,03,32,18
2008/04/25,097034,45,15,48,20,47,04,34
2008/04/22,097033,49,36,10,15,44,31,07
2008/04/18,097032,35,43,13,38,04,25,30
2008/04/15,097031,43,47,32,33,13,20,28
2008/04/11,097030,25,23,06,42,28,05,43
2008/04/08,097029,29,32,23,39,37,11,31
2008/04/04,097028,28,23,44,38,13,30,26
2008/04/01,097027,32,25,08,33,24,16,12
2008/03/28,097026,19,26,08,09,01,12,49
2008/03/25,097025,33,03,13,05,02,49,10
2008/03/21,097024,11,49,27,32,34,14,28
2008/03/18,097023,38,09,27,01,33,49,31
2008/03/14,097022,44,34,21,30,03,49,13
2008/03/11,097021,44,30,07,08,21,36,04
2008/03/07,097020,28,40,41,25,12,42,29
2008/03/04,097019,25,38,22,01,47,15,16
2008/02/29,097018,07,01,09,10,18,27,43
2008/02/26,097017,40,06,33,37,47,16,28
2008/02/22,097016,43,30,12,07,03,01,22
2008/02/19,097015,26,22,31,16,39,43,09
2008/02/15,097014,31,01,42,41,46,22,36
2008/02/12,097013,12,05,27,25,22,19,29
2008/02/08,097012,07,15,03,06,01,27,39
2008/02/05,097011,33,29,42,35,30,17,10
2008/02/01,097010,02,06,20,38,01,18,29
2008/01/29,097009,49,42,21,38,34,41,25
2008/01/25,097008,20,01,15,24,04,40,32
2008/01/22,097007,37,26,14,13,09,30,05
2008/01/18,097006,06,18,36,25,08,26,13
2008/01/15,097005,41,31,05,08,32,10,11
2008/01/11,097004,27,08,37,03,49,07,48
2008/01/08,097003,17,28,44,12,07,03,36
2008/01/04,097002,13,05,40,31,29,39,33
2008/01/01,097001,48,18,13,27,43,47,21
2007/12/28,096104,12,18,10,22,16,29,30
2007/12/25,096103,31,09,37,05,18,06,32
2007/12/21,096102,20,28,15,22,19,44,42
2007/12/18,096101,13,07,04,19,49,23,17
2007/12/14,096100,34,01,17,27,26,39,13
2007/12/11,096099,10,43,27,16,20,15,19
2007/12/07,096098,08,17,28,32,34,10,42
2007/12/04,096097,01,43,16,38,44,31,42
2007/11/30,096096,15,08,19,45,16,30,44
2007/11/27,096095,08,47,12,36,34,16,33
2007/11/23,096094,43,46,01,49,23,22,33
2007/11/20,096093,01,22,20,16,17,42,29
2007/11/16,096092,16,39,42,20,46,22,38
2007/11/13,096091,37,16,17,05,03,32,24
2007/11/09,096090,24,12,06,01,02,18,25
2007/11/06,096089,43,44,10,01,27,40,02
2007/11/02,096088,48,10,04,44,28,45,39
2007/10/30,096087,04,09,01,41,19,17,07
2007/10/26,096086,36,21,13,03,11,16,26
2007/10/23,096085,49,25,29,10,47,34,17
2007/10/19,096084,36,15,28,17,46,22,24
2007/10/16,096083,38,07,18,40,11,05,31
2007/10/12,096082,09,28,26,37,20,23,44
2007/10/09,096081,40,36,47,09,38,46,13
2007/10/05,096080,19,48,26,29,10,03,18
2007/10/02,096079,49,03,04,09,24,08,23
2007/09/28,096078,16,19,08,30,09,17,45
2007/09/25,096077,08,42,38,28,10,12,33
2007/09/21,096076,39,16,24,35,31,01,21
2007/09/18,096075,20,46,29,37,31,25,49
2007/09/14,096074,45,22,27,15,02,48,32
2007/09/11,096073,28,18,14,03,22,36,47
2007/09/07,096072,22,05,49,32,42,03,28
2007/09/04,096071,21,17,42,48,09,18,07
2007/08/31,096070,35,31,23,44,40,41,21
2007/08/28,096069,22,29,39,02,11,34,45
2007/08/24,096068,47,04,25,07,12,06,09
2007/08/21,096067,46,24,42,16,38,25,06
2007/08/17,096066,43,35,31,02,12,47,40
2007/08/14,096065,38,26,02,25,12,05,06
2007/08/10,096064,35,11,40,29,22,27,48
2007/08/07,096063,05,01,35,18,25,41,14
2007/08/03,096062,02,15,12,40,27,38,35
2007/07/31,096061,39,01,06,41,07,25,05
2007/07/27,096060,21,39,13,42,46,32,36
2007/07/24,096059,31,01,12,22,29,07,04
2007/07/20,096058,10,05,02,23,25,19,11
2007/07/17,096057,29,49,15,48,39,37,46
2007/07/13,096056,10,34,35,13,05,18,15
2007/07/10,096055,34,44,40,45,29,02,01
2007/07/06,096054,36,23,48,12,09,44,26
2007/07/03,096053,09,49,24,01,05,21,35
2007/06/29,096052,09,26,29,44,23,28,31
2007/06/26,096051,37,43,38,18,24,47,02
2007/06/22,096050,13,35,42,39,32,41,01
2007/06/19,096049,20,41,28,43,33,45,10
2007/06/15,096048,17,46,36,34,28,11,26
2007/06/12,096047,05,38,39,03,20,44,43
2007/06/08,096046,46,26,28,02,01,11,16
2007/06/05,096045,47,25,23,36,16,01,21
2007/06/01,096044,11,43,34,25,07,08,16
2007/05/29,096043,10,45,43,48,15,18,11
2007/05/25,096042,13,25,11,36,02,34,38
2007/05/22,096041,41,48,01,30,18,32,24
2007/05/18,096040,41,27,43,11,12,46,36
2007/05/15,096039,35,31,48,47,40,13,39
2007/05/11,096038,29,26,10,13,47,21,49
2007/05/08,096037,27,01,46,41,28,16,38
2007/05/04,096036,06,38,40,22,44,34,15
2007/05/01,096035,24,28,49,34,45,21,46
2007/04/27,096034,42,32,10,38,09,29,37
2007/04/24,096033,40,38,08,20,25,22,41
2007/04/20,096032,49,09,15,44,19,16,37
2007/04/17,096031,45,48,31,08,44,40,06
2007/04/13,096030,23,31,15,05,33,28,49
2007/04/10,096029,20,06,42,02,47,04,39
2007/04/06,096028,18,22,37,34,35,10,41
2007/04/03,096027,39,49,45,04,10,43,33
2007/03/30,096026,14,45,46,40,33,31,49
2007/03/27,096025,39,11,21,42,43,04,10
2007/03/23,096024,19,32,17,20,05,06,18
2007/03/20,096023,47,37,14,15,25,49,13
2007/03/16,096022,35,43,28,49,36,38,47
2007/03/13,096021,41,04,22,13,24,26,28
2007/03/09,096020,21,14,23,31,20,12,45
2007/03/06,096019,33,02,15,46,16,31,40
2007/03/02,096018,15,39,49,32,12,24,06
2007/02/27,096017,49,39,06,36,48,22,28
2007/02/23,096016,13,39,48,25,05,30,36
2007/02/20,096015,01,19,45,38,33,13,36
2007/02/16,096014,34,48,44,19,27,18,37
2007/02/13,096013,02,46,25,39,08,43,13
2007/02/09,096012,45,07,28,41,48,30,44
2007/02/06,096011,16,26,32,48,12,41,01
2007/02/02,096010,48,10,12,07,08,47,38
2007/01/30,096009,45,06,26,18,39,42,14
2007/01/26,096008,36,34,08,26,18,13,17
2007/01/23,096007,44,15,07,31,36,06,29
2007/01/19,096006,46,45,44,26,06,27,02
2007/01/16,096005,28,38,13,33,43,48,04
2007/01/12,096004,26,31,33,10,28,16,44
2007/01/09,096003,28,39,35,45,26,44,18
2007/01/05,096002,19,44,42,48,23,12,33
2007/01/02,096001,27,31,13,49,23,21,19
2006/12/28,095104,07,04,08,31,01,25,33
2006/12/26,095103,31,06,24,13,32,49,03
2006/12/21,095102,16,49,45,42,32,46,03
2006/12/19,095101,32,36,19,30,34,12,37
2006/12/14,095100,48,33,27,04,08,02,14
2006/12/12,095099,18,16,45,46,37,38,10
2006/12/07,095098,35,27,05,28,42,30,37
2006/12/05,095097,41,14,35,45,26,28,33
2006/11/30,095096,16,03,07,43,06,14,17
2006/11/28,095095,42,37,14,45,19,31,11
2006/11/23,095094,34,37,23,01,43,45,09
2006/11/21,095093,19,11,07,06,47,48,17
2006/11/16,095092,49,02,29,17,38,28,16
2006/11/14,095091,38,29,34,47,05,17,26
2006/11/09,095090,14,22,40,20,12,37,23
2006/11/07,095089,05,40,33,38,18,20,34
2006/11/02,095088,45,30,06,34,48,46,29
2006/10/31,095087,08,06,46,29,39,49,23
2006/10/26,095086,19,42,05,11,07,36,23
2006/10/24,095085,05,01,15,42,04,18,06
2006/10/19,095084,09,10,33,38,25,12,05
2006/10/17,095083,16,13,46,08,43,41,31
2006/10/12,095082,09,17,30,26,41,23,19
2006/10/10,095081,35,46,36,17,01,21,19
2006/10/05,095080,20,07,36,44,15,32,03
2006/10/03,095079,07,36,06,23,31,33,24
2006/09/28,095078,30,08,33,43,19,37,22
2006/09/26,095077,45,08,25,06,02,30,38
2006/09/21,095076,21,33,20,06,13,40,26
2006/09/19,095075,09,01,41,40,39,21,46
2006/09/14,095074,44,39,43,10,01,37,35
2006/09/12,095073,02,14,11,08,21,15,31
2006/09/07,095072,11,15,43,48,28,12,37
2006/09/05,095071,02,05,48,33,30,27,19
2006/08/31,095070,33,05,06,38,49,25,47
2006/08/29,095069,49,34,38,24,17,42,30
2006/08/24,095068,11,17,21,10,14,45,19
2006/08/22,095067,30,20,38,40,24,16,06
2006/08/17,095066,36,28,35,18,23,25,16
2006/08/15,095065,06,32,27,41,10,19,43
2006/08/10,095064,48,40,16,43,03,09,42
2006/08/08,095063,04,22,12,08,39,20,48
2006/08/03,095062,44,03,21,42,20,46,25
2006/08/01,095061,37,35,29,42,12,28,08
2006/07/27,095060,42,37,36,45,46,04,01
2006/07/25,095059,25,27,42,14,16,49,44
2006/07/20,095058,07,49,30,41,37,43,10
2006/07/18,095057,36,31,34,20,38,11,15
2006/07/13,095056,24,42,43,16,06,34,23
2006/07/11,095055,09,01,44,42,06,16,03
2006/07/06,095054,41,23,44,14,24,47,10
2006/07/04,095053,19,14,08,09,33,20,29
2006/06/29,095052,31,17,11,15,21,23,09
2006/06/27,095051,20,30,01,35,29,39,43
2006/06/22,095050,18,41,31,39,47,01,44
2006/06/20,095049,18,08,43,19,14,03,29
2006/06/15,095048,01,25,35,44,37,46,43
2006/06/13,095047,45,11,38,12,32,08,24
2006/06/08,095046,04,15,47,23,03,26,12
2006/06/06,095045,15,37,04,41,42,12,19
2006/06/01,095044,11,34,45,48,04,35,24
2006/05/30,095043,09,16,22,02,49,15,07
2006/05/25,095042,37,01,48,47,15,20,38
2006/05/23,095041,11,42,20,46,38,31,37
2006/05/18,095040,47,46,49,01,23,28,06
2006/05/16,095039,46,35,08,36,45,20,44
2006/05/11,095038,26,02,19,46,12,34,38
2006/05/09,095037,38,18,42,26,08,05,02
2006/05/04,095036,26,27,41,03,19,02,07
2006/05/02,095035,25,16,24,40,43,03,48
2006/04/27,095034,33,49,30,09,42,12,04
2006/04/25,095033,40,49,19,44,03,09,04
2006/04/20,095032,42,34,15,13,09,27,02
2006/04/18,095031,04,16,20,14,41,06,02
2006/04/13,095030,37,45,23,39,01,25,21
2006/04/11,095029,16,08,37,22,38,10,14
2006/04/06,095028,38,23,42,36,40,05,01
2006/04/04,095027,11,10,34,32,39,06,07
2006/03/30,095026,12,31,48,26,17,35,40
2006/03/28,095025,15,08,45,09,05,29,18
2006/03/23,095024,38,46,28,29,07,23,14
2006/03/20,095023,40,12,49,28,47,30,03
2006/03/16,095022,46,45,03,42,09,18,05
2006/03/13,095021,25,39,35,21,42,04,45
2006/03/09,095020,13,15,18,06,17,22,03
2006/03/06,095019,31,09,07,34,05,15,38
2006/03/02,095018,05,08,32,31,24,39,04
2006/02/27,095017,09,36,42,17,27,18,10
2006/02/23,095016,07,16,33,17,12,19,39
2006/02/20,095015,21,02,18,37,43,14,13
2006/02/16,095014,06,29,26,23,05,18,16
2006/02/13,095013,03,23,36,49,15,21,10
2006/02/09,095012,21,12,39,38,34,37,27
2006/02/06,095011,11,25,18,29,49,15,05
2006/02/02,095010,02,20,08,33,26,12,13
2006/01/30,095009,05,42,04,26,32,13,46
2006/01/26,095008,10,29,43,30,47,32,35
2006/01/23,095007,40,01,16,23,21,11,10
2006/01/19,095006,03,26,18,20,21,11,24
2006/01/16,095005,19,31,12,26,04,15,41
2006/01/12,095004,22,30,28,11,07,24,35
2006/01/09,095003,22,46,20,08,39,45,31
2006/01/05,095002,18,23,48,39,38,26,45
2006/01/02,095001,06,15,22,35,41,25,32
2005/12/29,094104,39,13,07,31,10,06,18
2005/12/26,094103,45,27,02,01,08,07,19
2005/12/22,094102,12,22,27,47,26,24,40
2005/12/19,094101,27,20,03,22,26,21,25
2005/12/15,094100,49,32,39,16,45,07,30
2005/12/12,094099,37,28,29,36,30,26,18
2005/12/08,094098,35,26,28,48,18,13,42
2005/12/05,094097,34,47,25,40,41,31,15
2005/12/01,094096,40,39,30,43,38,07,13
2005/11/28,094095,23,40,02,25,14,26,06
2005/11/24,094094,49,11,30,41,47,09,04
2005/11/21,094093,34,07,33,42,23,13,30
2005/11/17,094092,04,02,17,27,39,03,15
2005/11/14,094091,44,29,02,49,39,13,35
2005/11/10,094090,04,36,07,19,30,46,48
2005/11/07,094089,42,48,17,16,32,23,02
2005/11/03,094088,06,17,08,19,30,47,23
2005/10/31,094087,22,26,48,05,10,31,41
2005/10/27,094086,26,08,28,36,06,23,37
2005/10/24,094085,44,08,22,27,07,17,28
2005/10/20,094084,21,13,14,42,47,11,22
2005/10/17,094083,30,43,27,47,39,35,25
2005/10/13,094082,43,48,03,11,46,26,05
2005/10/10,094081,29,45,23,11,06,49,26
2005/10/06,094080,24,08,28,31,48,02,15
2005/10/03,094079,03,16,15,40,48,25,18
2005/09/29,094078,23,01,40,19,38,08,05
2005/09/26,094077,44,26,41,18,37,04,06
2005/09/22,094076,02,37,49,11,35,48,05
2005/09/19,094075,38,03,45,43,29,26,28
2005/09/15,094074,44,41,45,15,04,23,46
2005/09/12,094073,35,39,28,24,30,04,19
2005/09/08,094072,03,11,45,10,36,37,29
2005/09/05,094071,44,05,27,08,26,22,10
2005/09/01,094070,48,20,12,43,06,47,41
2005/08/29,094069,43,09,10,40,42,36,41
2005/08/25,094068,04,25,02,06,46,21,28
2005/08/22,094067,23,17,25,28,18,24,41
2005/08/18,094066,03,38,11,36,08,49,19
2005/08/15,094065,41,37,38,13,33,15,47
2005/08/11,094064,45,20,09,22,46,31,03
2005/08/08,094063,37,45,38,28,43,24,18
2005/08/04,094062,26,20,40,09,41,29,21
2005/08/01,094061,02,44,47,36,16,13,21
2005/07/28,094060,41,24,09,27,14,37,12
2005/07/25,094059,12,05,25,27,41,44,18
2005/07/21,094058,33,11,37,26,28,22,42
2005/07/18,094057,11,25,13,07,30,40,06
2005/07/14,094056,03,43,46,31,22,47,14
2005/07/11,094055,01,43,11,18,14,35,25
2005/07/07,094054,27,21,36,12,06,48,18
2005/07/04,094053,15,31,32,02,38,17,11
2005/06/30,094052,45,05,04,35,09,02,48
2005/06/27,094051,49,43,17,22,37,10,08
2005/06/23,094050,43,34,10,18,04,40,03
2005/06/20,094049,22,47,48,28,04,20,43
2005/06/16,094048,08,45,25,16,28,12,49
2005/06/13,094047,46,31,25,14,09,36,40
2005/06/09,094046,06,30,13,44,04,22,05
2005/06/06,094045,10,28,09,45,04,03,37
2005/06/02,094044,46,41,04,15,21,30,48
2005/05/30,094043,16,04,25,08,15,11,43
2005/05/26,094042,16,48,18,03,09,41,22
2005/05/23,094041,10,09,02,31,21,08,44
2005/05/19,094040,27,04,46,02,24,14,28
2005/05/16,094039,06,44,01,37,41,11,04
2005/05/12,094038,32,29,28,31,15,47,18
2005/05/09,094037,01,29,16,09,02,07,15
2005/05/05,094036,14,47,05,18,44,34,10
2005/05/02,094035,01,43,29,35,47,03,40
2005/04/28,094034,29,39,04,05,15,20,34
2005/04/25,094033,38,01,34,16,36,25,41
2005/04/21,094032,43,05,36,33,04,22,26
2005/04/18,094031,41,20,45,40,49,11,36
2005/04/14,094030,25,20,36,49,18,48,21
2005/04/11,094029,45,06,27,02,24,09,49
2005/04/07,094028,44,23,05,15,29,31,17
2005/04/04,094027,40,29,05,33,28,15,26
2005/03/31,094026,47,38,28,22,20,41,25
2005/03/28,094025,01,09,02,25,44,28,42
2005/03/24,094024,23,07,10,45,47,44,38
2005/03/21,094023,19,05,02,38,45,06,01
2005/03/17,094022,12,30,07,10,34,22,08
2005/03/14,094021,12,21,05,33,19,42,09
2005/03/10,094020,48,03,42,31,16,01,23
2005/03/07,094019,36,06,34,01,16,40,38
2005/03/03,094018,36,32,31,25,28,34,43
2005/02/28,094017,21,47,14,25,43,27,05
2005/02/24,094016,36,42,02,04,48,41,34
2005/02/21,094015,06,35,21,11,22,41,27
2005/02/17,094014,12,23,21,14,30,25,03
2005/02/14,094013,07,05,47,26,24,30,36
2005/02/10,094012,19,28,33,38,46,26,48
2005/02/07,094011,49,47,31,41,44,11,25
2005/02/03,094010,48,19,43,07,30,08,49
2005/01/31,094009,37,35,02,46,17,31,03
2005/01/27,094008,25,45,44,39,48,03,13
2005/01/24,094007,31,36,14,17,30,47,28
2005/01/20,094006,26,23,01,41,27,33,18
2005/01/17,094005,49,38,16,07,14,45,25
2005/01/13,094004,31,35,15,01,02,21,33
2005/01/10,094003,17,36,14,01,49,03,10
2005/01/06,094002,46,06,47,23,45,39,18
2005/01/03,094001,05,37,10,39,46,27,08
2004/12/30,093104,34,43,33,18,49,03,02
2004/12/27,093103,16,24,08,01,22,30,14
2004/12/23,093102,18,03,23,40,05,45,41
2004/12/20,093101,03,13,04,42,39,26,18
2004/12/16,093100,18,22,34,36,02,12,08
2004/12/13,093099,39,24,15,38,37,05,06
2004/12/09,093098,28,16,48,35,46,44,26
2004/12/06,093097,35,26,11,08,02,12,47
2004/12/02,093096,23,28,16,05,47,38,49
2004/11/29,093095,12,04,30,23,35,48,46
2004/11/25,093094,31,03,09,10,27,04,26
2004/11/22,093093,28,02,27,44,14,49,30
2004/11/18,093092,45,07,38,20,39,11,30
2004/11/15,093091,23,11,17,33,08,14,30
2004/11/11,093090,43,17,09,40,28,12,13
2004/11/08,093089,27,24,34,25,12,36,39
2004/11/04,093088,23,31,38,36,33,26,21
2004/11/01,093087,01,38,25,10,28,49,23
2004/10/28,093086,10,31,24,40,13,12,47
2004/10/25,093085,30,06,13,34,44,38,48
2004/10/21,093084,10,21,24,20,48,03,26
2004/10/18,093083,23,42,21,25,38,10,33
2004/10/14,093082,36,04,45,47,39,23,25
2004/10/11,093081,45,01,07,10,42,32,26
2004/10/07,093080,31,19,03,06,22,32,05
2004/10/04,093079,12,25,15,23,21,35,24
2004/09/30,093078,07,13,47,20,15,22,19
2004/09/27,093077,41,42,26,40,27,43,28
2004/09/23,093076,16,48,15,33,35,01,10
2004/09/20,093075,08,43,06,10,09,05,13
2004/09/16,093074,26,38,46,37,07,19,29
2004/09/13,093073,08,10,11,23,44,21,42
2004/09/09,093072,21,14,49,13,07,20,34
2004/09/06,093071,12,26,42,25,31,36,29
2004/09/02,093070,09,47,41,18,32,16,46
2004/08/30,093069,47,22,29,28,04,44,32
2004/08/26,093068,48,31,37,34,42,14,29
2004/08/23,093067,31,38,13,45,46,29,43
2004/08/19,093066,41,31,32,22,10,48,24
2004/08/16,093065,42,05,19,11,16,06,10
2004/08/12,093064,34,33,11,16,27,40,07
2004/08/09,093063,19,05,26,17,28,43,25
2004/08/05,093062,30,21,24,14,27,13,20
2004/08/02,093061,40,11,42,19,21,03,14
2004/07/29,093060,46,31,42,33,40,20,30
2004/07/26,093059,28,15,38,41,42,01,24
2004/07/22,093058,24,37,46,27,11,15,01
2004/07/19,093057,49,26,30,03,07,02,06
2004/07/15,093056,38,05,32,02,42,49,44
2004/07/12,093055,42,25,03,36,08,04,32
2004/07/08,093054,30,04,07,24,13,05,49
2004/07/05,093053,07,31,19,46,42,27,39
2004/07/01,093052,16,44,06,10,29,11,37
2004/06/28,093051,19,42,17,12,22,27,48
2004/06/24,093050,17,11,29,49,44,36,33
2004/06/21,093049,17,36,11,22,06,09,44
2004/06/17,093048,30,48,44,05,34,11,40
2004/06/14,093047,43,46,41,12,05,45,33
2004/06/10,093046,22,30,02,33,16,10,41
2004/06/07,093045,49,15,25,41,06,37,03
2004/06/03,093044,04,32,31,01,34,35,33
2004/05/31,093043,31,45,32,01,17,30,33
2004/05/27,093042,44,34,06,42,22,27,36
2004/05/24,093041,17,16,01,30,36,49,44
2004/05/20,093040,06,30,34,46,28,43,09
2004/05/17,093039,02,49,32,18,04,20,30
2004/05/13,093038,36,32,11,10,14,04,09
2004/05/10,093037,04,25,23,10,26,03,33
2004/05/06,093036,47,06,40,45,44,27,11
2004/05/03,093035,40,03,13,28,09,48,39
2004/04/29,093034,34,13,01,10,46,33,07
2004/04/26,093033,22,29,31,34,25,46,49
2004/04/22,093032,03,11,20,28,22,19,13
2004/04/19,093031,13,45,17,19,39,26,11
2004/04/15,093030,13,30,37,45,14,20,01
2004/04/12,093029,30,48,25,24,36,26,45
2004/04/08,093028,43,41,26,14,05,38,04
2004/04/05,093027,24,25,39,26,44,16,30
2004/04/01,093026,46,45,07,03,42,49,08
2004/03/29,093025,38,11,15,35,21,13,37
2004/03/25,093024,21,11,49,36,43,17,05
2004/03/22,093023,46,12,30,02,41,14,29
2004/03/18,093022,06,25,16,33,20,46,12
2004/03/15,093021,07,26,38,02,43,01,04
2004/03/11,093020,21,08,30,22,31,14,48
2004/03/08,093019,08,18,12,19,34,17,37
2004/03/04,093018,12,22,41,48,23,15,17
2004/03/01,093017,01,45,25,11,41,17,32
2004/02/26,093016,12,24,45,23,08,46,36
2004/02/23,093015,28,17,32,23,03,06,45
2004/02/19,093014,43,37,32,04,21,25,02
2004/02/16,093013,25,07,19,37,13,18,14
2004/02/12,093012,40,01,26,31,02,39,38
2004/02/09,093011,43,14,17,48,20,25,15
2004/02/05,093010,43,37,26,17,29,22,31
2004/02/02,093009,11,42,06,48,04,22,23
2004/01/29,093008,36,22,44,34,46,29,37
2004/01/26,093007,02,13,34,44,06,40,14
2004/01/22,093006,29,28,13,33,34,32,43
2004/01/19,093005,32,15,14,29,39,20,43
2004/01/15,093004,30,29,18,34,19,28,12
2004/01/12,093003,34,25,04,02,26,43,41
2004/01/08,093002,30,47,27,31,16,21,35
2004/01/05,093001,33,12,06,09,39,13,21